2017|4|21|100|Free
2017|4|21|130|Free
2017|4|21|200|Free
2017|4|21|230|Free
2017|4|21|300|Free
2017|4|21|330|Free
2017|4|21|400|Free
2017|4|21|430|Free
2017|4|21|500|Free
2017|4|21|530|Free
2017|4|21|600|Free
2017|4|21|630|Free
2017|4|21|700|Free
2017|4|21|730|Free
2017|4|21|800|Free
2017|4|21|830|Free
2017|4|21|900|Free
2017|4|21|930|Free
2017|4|21|1000|Free
2017|4|21|1030|Free
2017|4|21|1100|Free
2017|4|21|1130|Free
2017|4|22|400|Free
2017|4|22|430|Free
2017|4|22|500|Free
2017|4|22|530|Free
2017|4|22|600|Free
2017|4|22|630|Free
2017|4|22|700|Free
2017|4|22|730|Free
2017|4|22|800|Free
2017|4|22|830|Free
2017|4|22|900|Free
2017|4|22|930|Free
2017|4|22|1000|Free
2017|4|22|1030|Free
2017|4|22|1100|Free
2017|4|22|1130|Free
