2017|4|18|500|Free
2017|4|18|530|Free
2017|4|18|600|Free
2017|4|18|630|Free
2017|4|18|700|Free
2017|4|18|730|Free
2017|4|18|800|Free
2017|4|18|830|Free
2017|4|18|900|Free
2017|4|18|930|Free
2017|4|18|1000|Free
2017|4|18|1030|Free
2017|4|18|1100|Free
2017|4|18|1130|Free
2017|4|18|1200|Free
2017|4|18|1230|Free
2017|4|18|1300|Free
2017|4|18|1330|Free
2017|4|18|1400|Free
2017|4|18|1430|Free
2017|4|20|1200|Free
2017|4|20|1230|Free
2017|4|20|1300|Free
2017|4|20|1330|Free
2017|4|20|1400|Free
2017|4|20|1430|Free
2017|4|20|1500|Free
2017|4|20|1530|Free
2017|4|20|1600|Free
2017|4|20|1630|Free
2017|4|20|1700|Free
2017|4|20|1730|Free
